0 1 1 927.900
0 1 2 1504.600
0 2 1 1031.300
0 2 2 1385.600
0 2 3 1605.100
0 3 1 881.900
0 3 2 1179.500
0 4 1 1743.900
0 4 2 1994.300
0 6 1 95.400
0 6 2 1630.600
0 8 1 820.000
0 8 2 1816.400
0 8 3 2249.900
0 9 1 721.200
0 9 2 1365.000
1 0 1 1498.400
1 1 1 1178.900
1 2 1 136.300
1 2 2 1094.400
1 4 1 1351.500
1 4 2 1995.200
1 5 1 522.100
1 5 2 2239.700
1 5 3 2343.900
1 8 1 636.500
1 8 2 854.000
2 0 1 1031.300
2 1 1 1100.200
2 2 1 1059.500
2 2 2 2192.000
2 3 1 2226.000
2 4 1 885.300
2 5 1 1989.500
2 5 2 2135.700
2 6 1 984.300
2 6 2 2371.200
2 7 1 2090.800
2 8 1 1725.200
3 0 1 930.700
3 0 2 1525.700
3 1 1 2377.800
3 2 1 2213.800
3 3 1 844.900
3 5 1 2240.900
3 6 1 1525.400
3 6 2 2422.700
3 7 1 994.300
3 8 1 582.400
3 8 2 1682.500
3 8 3 2371.100
3 9 1 1465.500
3 9 2 2216.500
3 9 3 2373.200
4 0 1 785.600
4 0 2 955.600
4 1 1 1353.900
4 2 1 1688.100
4 3 1 1035.200
4 5 1 906.400
4 6 1 1225.600
4 6 2 1433.800
4 6 3 1706.100
4 8 1 2265.000
4 9 1 818.200
5 0 1 135.700
5 0 2 1099.600
5 1 1 2212.000
5 3 1 1340.500
5 4 1 993.000
5 5 1 260.500
5 5 2 1858.200
5 5 3 2081.200
5 5 4 2371.800
5 6 1 2394.300
5 7 1 1475.300
5 9 1 1507.700
6 0 1 95.500
6 0 2 1604.100
6 1 1 1206.800
6 2 1 2371.400
6 3 1 583.500
6 3 2 882.800
6 3 3 1392.200
6 3 4 1525.100
6 7 1 1269.400
6 9 1 1467.300
6 9 2 1859.900
7 1 1 525.600
7 3 1 369.900
7 3 2 995.800
7 3 3 1685.700
7 4 1 596.800
7 4 2 1023.600
7 4 3 1466.500
7 7 1 492.500
7 7 2 2269.900
7 8 1 1283.100
7 8 2 1703.300
7 9 1 1362.400
7 9 2 2135.800
7 9 3 2239.100
8 0 1 583.800
8 1 1 636.900
8 1 2 2136.600
8 2 1 802.600
8 2 2 1727.800
8 3 1 591.800
8 3 2 715.700
8 3 3 1681.100
8 4 1 1824.000
8 4 2 2263.700
8 5 1 1295.700
8 5 2 1351.500
8 6 1 1380.100
8 8 1 721.600
8 8 2 1239.000
8 8 3 2399.200
8 9 1 2330.900
9 0 1 1757.600
9 2 1 866.000
9 2 2 1739.300
9 3 1 368.400
9 3 2 1953.800
9 3 3 2385.600
9 5 1 1503.600
9 5 2 2235.000
9 6 1 995.000
9 8 1 1802.900
9 8 2 2257.100
9 9 1 2437.300
