0 0 1 304.800
0 0 2 1407.000
0 0 3 2286.100
0 0 4 2442.300
0 1 1 1197.000
0 1 2 1327.900
0 1 3 1549.000
0 1 4 2364.900
0 1 5 2425.800
0 2 1 1385.000
0 2 2 1712.100
0 3 1 882.600
0 3 2 1644.900
0 4 1 1744.100
0 4 2 2235.700
0 5 1 574.100
0 5 2 1588.000
0 6 1 905.500
0 6 2 1613.100
0 8 1 420.100
0 8 2 826.800
0 8 3 1818.500
0 8 4 2350.900
0 9 1 1749.900
1 0 1 438.800
1 0 2 1970.200
1 0 3 2425.800
1 1 1 1475.800
1 1 2 2252.300
1 2 1 1092.800
1 2 2 1587.500
1 3 1 2332.200
1 4 1 1750.600
1 4 2 2094.200
1 5 1 936.800
1 5 2 2238.700
1 6 1 603.300
1 6 2 1173.100
1 7 1 647.600
1 7 2 803.800
1 7 3 969.000
1 8 1 853.700
1 9 1 1321.900
2 0 1 1150.800
2 0 2 1711.700
2 2 1 2191.300
2 3 1 936.400
2 3 2 1337.000
2 3 3 2221.800
2 4 1 1687.700
2 6 1 1744.700
2 8 1 1726.300
3 0 1 1526.900
3 1 1 94.800
3 1 2 1163.200
3 2 1 936.200
3 2 2 1647.100
3 2 3 2216.000
3 3 1 846.400
3 4 1 1119.400
3 4 2 2417.000
3 5 1 2240.800
3 6 1 1788.400
3 6 2 2422.900
3 7 1 1532.000
3 7 2 2003.500
3 8 1 702.500
3 8 2 1781.600
3 9 1 2212.800
3 9 2 2496.300
4 0 1 531.500
4 0 2 1012.700
4 1 1 1751.500
4 2 1 1125.200
4 2 2 1686.700
4 2 3 1869.900
4 4 1 2338.600
4 4 2 2481.800
4 5 1 715.000
4 5 2 857.000
4 7 1 1129.800
4 7 2 1940.600
4 7 3 2385.200
4 8 1 1829.300
4 9 1 812.100
5 0 1 573.700
5 1 1 936.500
5 1 2 2211.600
5 2 1 819.600
5 5 1 1461.100
5 7 1 815.500
5 7 2 1431.300
5 7 3 1786.200
5 8 1 1412.300
5 9 1 1403.700
5 9 2 2039.100
6 0 1 1639.100
6 0 2 1774.100
6 1 1 605.100
6 1 2 1561.700
6 2 1 1220.100
6 3 1 586.000
6 3 2 1352.300
6 3 3 1634.600
6 4 1 1000.700
6 6 1 207.300
6 6 2 653.700
6 6 3 2019.700
6 6 4 2374.600
6 7 1 1855.400
6 7 2 2159.600
6 8 1 956.900
7 0 1 647.000
7 3 1 549.500
7 3 2 1686.900
7 4 1 596.100
7 4 2 1952.000
7 4 3 2225.600
7 5 1 816.300
7 5 2 1431.100
7 5 3 1792.100
7 5 4 2118.700
7 5 5 2407.500
7 6 1 964.300
7 7 1 353.800
7 7 2 481.700
7 7 3 1670.500
7 9 1 1362.100
8 0 1 575.700
8 0 2 653.900
8 0 3 2192.200
8 1 1 818.800
8 2 1 825.800
8 2 2 2254.300
8 4 1 1823.000
8 4 2 1919.300
8 4 3 2155.000
8 5 1 1347.800
8 5 2 1696.400
8 5 3 2324.400
8 6 1 1381.300
8 6 2 1898.300
8 7 1 1130.600
8 8 1 721.500
8 9 1 2334.100
9 0 1 2082.000
9 3 1 1027.600
9 3 2 1942.300
9 4 1 826.000
9 5 1 1504.600
9 5 2 2038.700
9 5 3 2488.200
9 6 1 721.000
9 6 2 1005.600
9 8 1 2255.700
9 9 1 812.600
