0 0 1 304.800
0 2 1 1715.100
0 3 1 1644.600
0 5 1 574.800
0 8 1 420.100
0 8 2 2352.000
0 9 1 1750.300
1 0 1 438.800
1 0 2 2426.000
1 3 1 2334.700
1 4 1 1750.000
1 5 1 937.200
1 6 1 605.100
2 3 1 937.800
2 3 2 2223.000
3 1 1 94.800
3 2 1 936.300
3 2 2 2222.200
3 4 1 2418.000
4 0 1 1013.400
4 1 1 1752.200
4 5 1 716.900
4 5 2 857.200
5 0 1 575.000
5 1 1 937.100
5 4 1 716.700
5 7 1 816.800
5 7 2 1790.100
5 9 1 1405.000
6 0 1 1778.700
6 6 1 207.300
6 6 2 2020.000
6 6 3 2374.600
7 5 1 817.000
7 5 2 2120.400
7 5 3 2411.000
7 6 1 966.200
7 7 1 353.800
7 7 2 481.700
8 0 1 654.100
8 1 1 842.300
8 2 1 828.600
