0 0 1 1 927.900
0 0 1 2 1504.600
0 0 2 1 1031.300
0 0 2 2 1385.600
0 0 2 3 1605.100
0 0 3 1 881.900
0 0 3 2 1179.500
0 0 4 1 1743.900
0 0 4 2 1994.300
0 0 6 1 95.400
0 0 6 2 1630.600
0 0 8 1 820.000
0 0 8 2 1816.400
0 0 8 3 2249.900
0 0 9 1 721.200
0 0 9 2 1365.000
0 1 0 1 1498.400
0 1 1 1 1178.900
0 1 2 1 136.300
0 1 2 2 1094.400
0 1 4 1 1351.500
0 1 4 2 1995.200
0 1 5 1 522.100
0 1 5 2 2239.700
0 1 5 3 2343.900
0 1 8 1 636.500
0 1 8 2 854.000
0 2 0 1 1031.300
0 2 1 1 1100.200
0 2 2 1 1059.500
0 2 2 2 2192.000
0 2 3 1 2226.000
0 2 4 1 885.300
0 2 5 1 1989.500
0 2 5 2 2135.700
0 2 6 1 984.300
0 2 6 2 2371.200
0 2 7 1 2090.800
0 2 8 1 1725.200
0 3 0 1 930.700
0 3 0 2 1525.700
0 3 1 1 2377.800
0 3 2 1 2213.800
0 3 3 1 844.900
0 3 5 1 2240.900
0 3 6 1 1525.400
0 3 6 2 2422.700
0 3 7 1 994.300
0 3 8 1 582.400
0 3 8 2 1682.500
0 3 8 3 2371.100
0 3 9 1 1465.500
0 3 9 2 2216.500
0 3 9 3 2373.200
0 4 0 1 785.600
0 4 0 2 955.600
0 4 1 1 1353.900
0 4 2 1 1688.100
0 4 3 1 1035.200
0 4 5 1 906.400
0 4 6 1 1225.600
0 4 6 2 1433.800
0 4 6 3 1706.100
0 4 8 1 2265.000
0 4 9 1 818.200
0 5 0 1 135.700
0 5 0 2 1099.600
0 5 1 1 2212.000
0 5 3 1 1340.500
0 5 4 1 993.000
0 5 5 1 260.500
0 5 5 2 1858.200
0 5 5 3 2081.200
0 5 5 4 2371.800
0 5 6 1 2394.300
0 5 7 1 1475.300
0 5 9 1 1507.700
0 6 0 1 95.500
0 6 0 2 1604.100
0 6 1 1 1206.800
0 6 2 1 2371.400
0 6 3 1 583.500
0 6 3 2 882.800
0 6 3 3 1392.200
0 6 3 4 1525.100
0 6 7 1 1269.400
0 6 9 1 1467.300
0 6 9 2 1859.900
0 7 1 1 525.600
0 7 3 1 369.900
0 7 3 2 995.800
0 7 3 3 1685.700
0 7 4 1 596.800
0 7 4 2 1023.600
0 7 4 3 1466.500
0 7 7 1 492.500
0 7 7 2 2269.900
0 7 8 1 1283.100
0 7 8 2 1703.300
0 7 9 1 1362.400
0 7 9 2 2135.800
0 7 9 3 2239.100
0 8 0 1 583.800
0 8 1 1 636.900
0 8 1 2 2136.600
0 8 2 1 802.600
0 8 2 2 1727.800
0 8 3 1 591.800
0 8 3 2 715.700
0 8 3 3 1681.100
0 8 4 1 1824.000
0 8 4 2 2263.700
0 8 5 1 1295.700
0 8 5 2 1351.500
0 8 6 1 1380.100
0 8 8 1 721.600
0 8 8 2 1239.000
0 8 8 3 2399.200
0 8 9 1 2330.900
0 9 0 1 1757.600
0 9 2 1 866.000
0 9 2 2 1739.300
0 9 3 1 368.400
0 9 3 2 1953.800
0 9 3 3 2385.600
0 9 5 1 1503.600
0 9 5 2 2235.000
0 9 6 1 995.000
0 9 8 1 1802.900
0 9 8 2 2257.100
0 9 9 1 2437.300
10 0 1 1 1491.700
10 0 1 2 2190.900
10 0 2 1 1399.900
10 0 2 2 1561.500
10 0 3 1 1179.800
10 0 4 1 767.000
10 0 5 1 2289.800
10 0 6 1 95.400
10 0 6 2 2122.500
10 0 7 1 1161.800
10 0 8 1 2250.300
10 1 0 1 1302.100
10 1 2 1 136.300
10 1 4 1 1351.600
10 1 5 1 2225.600
10 1 8 1 637.200
10 2 0 1 1030.500
10 2 0 2 1150.900
10 2 1 1 565.400
10 2 1 2 1101.000
10 2 2 1 1090.900
10 2 2 2 1654.600
10 2 3 1 2256.800
10 2 5 1 1989.300
10 2 5 2 2135.800
10 2 7 1 2091.800
10 2 8 1 1726.700
10 3 2 1 2210.200
10 3 3 1 862.000
10 3 4 1 2302.700
10 3 6 1 1393.800
10 3 6 2 1525.300
10 3 6 3 2430.700
10 3 7 1 993.600
10 3 8 1 1682.400
10 3 9 1 1465.300
10 4 0 1 955.600
10 4 3 1 2305.300
10 4 5 1 906.400
10 4 6 1 1226.000
10 4 6 2 1706.600
10 4 9 1 815.400
10 5 0 1 135.700
10 5 0 2 1099.100
10 5 1 1 521.500
10 5 1 2 2236.300
10 5 2 1 637.400
10 5 4 1 864.100
10 5 4 2 991.800
10 5 5 1 260.500
10 5 5 2 709.700
10 5 5 3 1856.600
10 5 5 4 2081.600
10 5 6 1 548.000
10 5 6 2 2393.400
10 5 7 1 1475.500
10 5 9 1 1421.000
10 5 9 2 1505.600
10 6 0 1 95.500
10 6 0 2 1605.000
10 6 1 1 1207.300
10 6 2 1 950.800
10 6 2 2 2425.500
10 6 3 1 1392.500
10 6 3 2 1525.400
10 6 8 1 2275.500
10 6 9 1 1859.500
10 7 1 1 526.700
10 7 3 1 369.900
10 7 3 2 565.800
10 7 3 3 994.100
10 7 3 4 1211.000
10 7 4 1 1466.500
10 7 4 2 2384.300
10 7 5 1 1475.900
10 7 5 2 1806.600
10 7 5 3 2406.100
10 7 7 1 492.500
10 7 7 2 1988.900
10 7 9 1 1391.100
10 8 1 1 637.300
10 8 1 2 870.900
10 8 1 3 2137.100
10 8 2 1 802.100
10 8 2 2 1727.200
10 8 3 1 589.200
10 8 3 2 713.900
10 8 3 3 1678.900
10 8 5 1 1293.800
10 8 5 2 1354.000
10 8 5 3 2250.600
10 8 8 1 2399.200
10 9 0 1 1350.600
10 9 1 1 946.600
10 9 1 2 1166.700
10 9 2 1 1740.100
10 9 3 1 368.400
10 9 3 2 2384.200
10 9 5 1 2235.800
10 9 6 1 1873.900
10 9 7 1 814.600
10 9 8 1 1509.200
20 0 2 1 1149.800
20 0 3 1 1180.000
20 0 6 1 95.400
20 0 8 1 563.200
20 0 8 2 2250.900
20 1 1 1 1180.300
20 1 2 1 136.300
20 1 4 1 1352.400
20 1 5 1 2226.000
20 1 8 1 637.000
20 2 0 1 1030.600
20 2 0 2 1738.000
20 2 1 1 1100.000
20 2 2 1 1657.600
20 2 3 1 520.400
20 2 3 2 2233.300
20 2 4 1 2109.800
20 2 5 1 1988.900
20 2 7 1 2092.100
20 2 8 1 1726.900
20 2 9 1 868.700
20 3 2 1 1170.300
20 3 2 2 2227.700
20 3 3 1 861.500
20 3 4 1 2419.800
20 3 6 1 795.700
20 3 6 2 1392.800
20 3 6 3 1524.800
20 3 6 4 1678.300
20 3 8 1 1679.600
20 3 8 2 2372.500
20 3 9 1 1465.400
20 3 9 2 2373.500
20 4 0 1 955.000
20 4 3 1 1035.700
20 4 5 1 906.100
20 4 5 2 1811.000
20 4 6 1 1225.400
20 4 6 2 1433.700
20 4 6 3 1708.500
20 4 9 1 815.600
20 5 0 1 135.700
20 5 0 2 1101.100
20 5 1 1 2258.700
20 5 4 1 882.900
20 5 4 2 991.800
20 5 5 1 260.500
20 5 5 2 1857.000
20 5 5 3 2080.800
20 5 6 1 2394.200
20 5 7 1 1474.600
20 5 9 1 1507.400
20 5 9 2 1557.200
20 6 0 1 95.500
20 6 0 2 1824.500
20 6 1 1 1207.500
20 6 2 1 815.900
20 6 2 2 950.900
20 6 3 1 1392.500
20 6 3 2 1524.700
20 6 5 1 550.400
20 6 7 1 1120.800
20 6 9 1 1753.000
20 6 9 2 1861.200
20 7 1 1 525.300
20 7 3 1 369.900
20 7 4 1 1025.100
20 7 4 2 1466.100
20 7 5 1 652.700
20 7 5 2 1807.400
20 7 7 1 492.500
20 8 0 1 1655.700
20 8 1 1 1990.600
20 8 2 1 803.000
20 8 2 2 1727.600
20 8 3 1 590.900
20 8 3 2 716.400
20 8 3 3 1680.500
20 8 8 1 2399.300
20 9 2 1 1739.800
20 9 3 1 368.400
20 9 3 2 2386.500
20 9 5 1 2236.300
20 9 6 1 1481.300
20 9 6 2 1876.400
20 9 7 1 1388.300
20 9 8 1 1281.400
30 0 3 1 1179.400
30 0 4 1 2030.500
30 0 6 1 95.400
30 0 8 1 677.500
30 0 8 2 2250.800
30 1 1 1 1179.300
30 1 2 1 136.300
30 1 3 1 2286.100
30 1 4 1 1352.500
30 1 4 2 2078.200
30 1 5 1 521.400
30 1 8 1 1208.400
30 1 9 1 2083.300
30 2 0 1 1033.200
30 2 0 2 1150.600
30 2 1 1 1100.700
30 2 3 1 2260.600
30 2 4 1 2107.900
30 2 5 1 945.400
30 2 7 1 2092.100
30 2 8 1 1726.400
30 3 2 1 2230.700
30 3 3 1 863.300
30 3 3 2 1034.000
30 3 4 1 2418.000
30 3 6 1 1232.700
30 3 6 2 1525.400
30 3 6 3 1678.700
30 3 8 1 1681.100
30 3 9 1 1466.500
30 3 9 2 2372.800
30 4 0 1 955.400
30 4 1 1 2445.000
30 4 3 1 2305.000
30 4 5 1 2061.700
30 4 9 1 815.900
30 5 0 1 135.700
30 5 0 2 1100.400
30 5 2 1 637.800
30 5 2 2 2229.700
30 5 4 1 881.300
30 5 4 2 993.200
30 5 5 1 260.500
30 5 5 2 1857.500
30 5 5 3 2080.900
30 5 6 1 2393.700
30 5 7 1 1475.400
30 5 9 1 1507.700
30 5 9 2 1557.000
30 6 0 1 95.500
30 6 0 2 1603.900
30 6 1 1 1207.100
30 6 3 1 1391.800
30 6 3 2 1525.800
30 6 8 1 2274.500
30 6 9 1 1860.200
30 7 0 1 2276.000
30 7 1 1 527.300
30 7 3 1 369.900
30 7 4 1 1466.500
30 7 7 1 492.500
30 7 8 1 1612.200
30 8 0 1 1686.800
30 8 1 1 637.500
30 8 2 1 807.200
30 8 2 2 1725.600
30 8 3 1 703.600
30 8 5 1 1296.700
30 8 8 1 2399.100
30 9 0 1 620.000
30 9 2 1 1740.100
30 9 3 1 368.400
30 9 3 2 2384.300
30 9 5 1 949.300
30 9 5 2 2236.700
30 9 6 1 1861.000
30 9 9 1 1510.400
40 0 1 1 931.600
40 0 3 1 1181.200
40 0 6 1 95.400
40 0 8 1 2251.000
40 1 2 1 136.300
40 1 5 1 2262.600
40 2 0 1 1032.700
40 2 1 1 1103.400
40 2 3 1 2265.000
40 2 7 1 2092.400
40 2 8 1 1726.500
40 3 0 1 2411.400
40 3 3 1 865.000
40 3 6 1 1099.300
40 3 6 2 1525.200
40 3 9 1 1465.800
40 4 0 1 955.600
40 4 1 1 2474.800
40 4 6 1 2354.000
40 5 0 1 135.700
40 5 0 2 1101.300
40 5 4 1 882.000
40 5 4 2 992.500
40 5 5 1 260.500
40 5 6 1 2394.600
40 5 7 1 1476.300
40 5 7 2 2366.600
40 5 9 1 1507.600
40 6 0 1 95.500
40 6 3 1 883.700
40 6 3 2 1391.800
40 6 3 3 1525.700
40 6 5 1 547.000
40 6 9 1 1860.000
40 7 1 1 527.100
40 7 3 1 369.900
40 7 4 1 1466.700
40 7 5 1 651.900
40 7 7 1 492.500
40 8 1 1 637.700
40 8 2 1 803.300
40 8 2 2 1011.200
40 8 2 3 1726.900
40 8 3 1 717.000
40 8 3 2 1679.500
40 8 4 1 1369.400
40 8 5 1 1297.000
40 8 5 2 1354.800
40 8 8 1 2399.100
40 9 2 1 1740.100
40 9 2 2 1968.800
40 9 3 1 368.400
50 0 1 1 930.200
50 0 6 1 95.400
50 0 8 1 2250.200
50 1 1 1 1180.300
50 1 2 1 136.300
50 2 0 1 1032.100
50 2 0 2 1151.500
50 2 1 1 1101.600
50 2 3 1 520.300
50 2 7 1 2092.500
50 2 8 1 1726.900
50 3 3 1 864.900
50 3 6 1 1525.200
50 3 9 1 2372.700
50 5 0 1 135.700
50 5 0 2 1100.500
50 5 4 1 993.100
50 5 5 1 260.500
50 5 6 1 2395.200
50 5 7 1 1475.900
50 5 9 1 1508.000
50 6 0 1 95.500
50 6 0 2 1827.600
50 6 2 1 985.600
50 6 3 1 1394.300
50 6 3 2 1525.300
50 6 9 1 1862.400
50 7 1 1 527.300
50 7 3 1 369.900
50 7 4 1 1467.700
50 7 7 1 492.500
50 8 0 1 660.100
50 8 1 1 637.700
50 8 2 1 1727.900
50 8 5 1 1351.900
50 8 8 1 2399.700
50 9 2 1 1740.400
50 9 3 1 368.400
60 0 1 1 929.000
60 0 6 1 95.400
60 0 8 1 2251.200
60 1 2 1 136.300
60 2 1 1 1101.900
60 2 4 1 2109.000
60 2 7 1 2091.800
60 2 8 1 1726.900
60 3 3 1 864.700
60 3 4 1 2083.400
60 3 6 1 1525.400
60 3 9 1 1468.600
60 3 9 2 2374.600
60 5 0 1 135.700
60 5 0 2 1101.900
60 5 4 1 882.900
60 5 4 2 993.200
60 5 5 1 260.500
60 5 6 1 2394.500
60 5 7 1 1476.500
60 5 9 1 1508.000
60 6 0 1 95.500
60 6 3 1 883.600
60 6 3 2 1394.200
60 6 3 3 1526.000
60 6 9 1 1862.500
60 7 1 1 526.700
60 7 3 1 369.900
60 7 4 1 1467.000
60 7 7 1 492.500
60 8 2 1 802.900
60 8 2 2 1727.900
60 8 3 1 716.600
60 8 5 1 1353.500
60 8 8 1 2399.500
60 9 2 1 1740.200
60 9 3 1 368.400
70 0 1 1 931.400
70 0 2 1 1713.400
70 0 6 1 95.400
70 0 8 1 2251.200
70 1 2 1 136.300
70 2 7 1 2092.500
70 2 8 1 1726.900
70 3 3 1 864.600
70 3 6 1 1525.500
70 5 0 1 135.700
70 5 0 2 1101.800
70 5 4 1 883.300
70 5 4 2 993.200
70 5 5 1 260.500
70 5 6 1 2395.100
70 5 7 1 1476.500
70 5 9 1 1508.000
70 6 0 1 95.500
70 6 3 1 1394.300
70 6 3 2 1525.800
70 6 9 1 1862.400
70 7 1 1 526.200
70 7 3 1 369.900
70 7 4 1 1466.800
70 7 7 1 492.500
70 8 2 1 1727.900
70 8 3 1 1680.600
70 8 8 1 2399.600
70 9 2 1 1740.400
70 9 3 1 368.400
80 0 1 1 931.400
80 0 6 1 95.400
80 0 8 1 2251.200
80 1 2 1 136.300
80 2 7 1 2092.500
80 2 8 1 1726.900
80 3 3 1 864.700
80 3 6 1 1525.500
80 5 0 1 135.700
80 5 0 2 1101.800
80 5 4 1 883.900
80 5 4 2 993.200
80 5 5 1 260.500
80 5 6 1 2395.100
80 5 7 1 1476.500
80 5 9 1 1507.800
80 6 0 1 95.500
80 6 3 1 1394.300
80 6 3 2 1526.100
80 6 9 1 1862.400
80 7 1 1 526.500
80 7 3 1 369.900
80 7 4 1 1467.100
80 7 7 1 492.500
80 8 2 1 1727.900
80 8 8 1 2399.500
80 9 2 1 1740.400
80 9 3 1 368.400
90 0 6 1 95.400
90 0 8 1 2251.200
90 1 2 1 136.300
90 2 7 1 2092.500
90 2 8 1 1726.900
90 3 3 1 864.700
90 3 6 1 1525.500
90 5 0 1 135.700
90 5 0 2 1101.800
90 5 4 1 993.100
90 5 5 1 260.500
90 5 6 1 2395.100
90 5 7 1 1476.500
90 5 9 1 1508.000
90 6 0 1 95.500
90 6 3 1 1394.200
90 6 3 2 1526.100
90 6 9 1 1862.300
90 7 1 1 526.600
90 7 3 1 369.900
90 7 7 1 492.500
90 8 2 1 1727.900
90 8 8 1 2399.700
90 9 2 1 1740.400
90 9 3 1 368.400
100 0 1 1 931.900
100 0 6 1 95.400
100 0 8 1 2251.200
100 1 2 1 136.300
100 2 0 1 1033.100
100 2 7 1 2092.400
100 2 8 1 1726.900
100 3 3 1 864.600
100 3 6 1 1525.500
100 5 0 1 135.700
100 5 0 2 1101.900
100 5 4 1 993.100
100 5 5 1 260.500
100 5 6 1 2395.100
100 5 7 1 1476.600
100 5 9 1 1508.000
100 6 0 1 95.500
100 6 3 1 1394.300
100 6 3 2 1525.800
100 6 9 1 1862.200
100 7 1 1 527.300
100 7 3 1 369.900
100 7 7 1 492.500
100 8 2 1 1727.900
100 8 8 1 2399.700
100 9 2 1 1740.400
100 9 3 1 368.400
100 9 5 1 2238.000
110 0 1 1 931.900
110 0 6 1 95.400
110 0 8 1 2251.200
110 1 2 1 136.300
110 2 1 1 1101.900
110 2 7 1 2092.500
110 2 8 1 1726.900
110 3 3 1 864.700
110 3 6 1 1525.500
110 5 0 1 135.700
110 5 0 2 1101.800
110 5 4 1 993.100
110 5 5 1 260.500
110 5 6 1 2395.200
110 5 7 1 1476.600
110 5 9 1 1508.000
110 6 0 1 95.500
110 6 0 2 1805.300
110 6 3 1 1394.200
110 6 3 2 1526.000
110 6 9 1 1862.400
110 7 1 1 527.300
110 7 3 1 369.900
110 7 7 1 492.500
110 8 2 1 1727.700
110 8 8 1 2399.700
110 9 2 1 1740.400
110 9 3 1 368.400
120 0 1 1 931.500
120 0 6 1 95.400
120 0 8 1 2251.200
120 1 1 1 1180.700
120 1 2 1 136.300
120 2 1 1 1101.900
120 2 7 1 2092.400
120 2 8 1 1726.300
120 3 3 1 862.700
120 3 6 1 1525.500
120 3 8 1 2371.600
120 5 0 1 135.700
120 5 0 2 1101.800
120 5 4 1 992.100
120 5 5 1 260.500
120 5 5 2 1877.300
120 5 6 1 2395.100
120 5 7 1 1476.500
120 5 9 1 1508.000
120 6 0 1 95.500
120 6 1 1 1208.100
120 6 3 1 1393.700
120 6 3 2 1525.800
120 6 9 1 1862.400
120 7 1 1 527.300
120 7 3 1 369.900
120 7 4 1 2385.500
120 7 5 1 2424.200
120 7 7 1 492.500
120 8 2 1 803.800
120 8 2 2 1727.800
120 8 8 1 2399.600
120 9 2 1 1740.400
120 9 3 1 368.400
130 0 6 1 95.400
130 0 8 1 2251.200
130 1 2 1 136.300
130 2 1 1 1100.700
130 2 7 1 2092.400
130 2 8 1 1726.400
130 3 3 1 864.700
130 3 6 1 1525.500
130 3 8 1 2371.800
130 5 0 1 135.700
130 5 0 2 1101.800
130 5 4 1 885.700
130 5 4 2 992.000
130 5 5 1 260.500
130 5 6 1 2394.700
130 5 7 1 1475.300
130 5 9 1 1507.800
130 6 0 1 95.500
130 6 0 2 1604.400
130 6 0 3 1826.800
130 6 1 1 1208.500
130 6 3 1 1392.400
130 6 3 2 1525.600
130 6 9 1 1859.400
130 7 1 1 527.300
130 7 3 1 369.900
130 7 5 1 1807.000
130 7 7 1 492.500
130 8 2 1 1727.200
130 8 4 1 1023.100
130 8 4 2 1216.700
130 8 8 1 1238.500
130 8 8 2 2399.600
130 8 9 1 2340.900
130 9 1 1 1016.000
130 9 2 1 857.300
130 9 2 2 1740.400
130 9 3 1 368.400
140 0 1 1 2114.800
140 0 6 1 95.400
140 0 8 1 2251.200
140 1 0 1 2217.400
140 1 1 1 1180.500
140 1 2 1 136.300
140 1 5 1 520.800
140 1 8 1 747.400
140 2 0 1 1031.600
140 2 0 2 1606.000
140 2 1 1 1101.500
140 2 2 1 2194.300
140 2 4 1 1513.800
140 2 4 2 2108.600
140 2 5 1 835.400
140 2 7 1 2092.100
140 2 8 1 1726.700
140 3 1 1 1743.100
140 3 3 1 864.700
140 3 6 1 1525.200
140 3 8 1 2371.800
140 3 9 1 1466.900
140 4 3 1 2305.700
140 4 6 1 1434.100
140 5 0 1 135.700
140 5 0 2 1101.500
140 5 4 1 992.000
140 5 5 1 260.500
140 5 5 2 1877.300
140 5 5 3 2082.100
140 5 6 1 2394.300
140 5 7 1 1476.400
140 5 9 1 1507.700
140 6 0 1 95.500
140 6 0 2 1825.700
140 6 1 1 1208.400
140 6 3 1 1392.800
140 6 3 2 1525.300
140 6 8 1 2274.600
140 6 9 1 1862.200
140 7 1 1 527.300
140 7 3 1 369.900
140 7 5 1 818.800
140 7 7 1 492.500
140 8 1 1 861.300
140 8 2 1 802.200
140 8 2 2 1727.500
140 8 3 1 590.900
140 8 8 1 2399.300
140 9 1 1 987.600
140 9 2 1 1740.400
140 9 3 1 368.400
140 9 5 1 2225.300
140 9 6 1 1859.900
150 0 1 1 930.800
150 0 2 1 580.400
150 0 3 1 1180.400
150 0 6 1 95.400
150 0 8 1 1818.500
150 0 8 2 2249.300
150 0 9 1 720.800
150 1 0 1 2443.100
150 1 1 1 1180.900
150 1 2 1 136.300
150 1 4 1 1352.500
150 1 5 1 521.100
150 1 9 1 2083.600
150 2 0 1 1032.100
150 2 0 2 1419.500
150 2 1 1 1100.700
150 2 3 1 2258.600
150 2 7 1 2091.800
150 2 8 1 1726.600
150 3 0 1 2410.500
150 3 3 1 862.100
150 3 6 1 1401.600
150 3 6 2 1525.200
150 3 8 1 2371.800
150 3 9 1 1467.100
150 4 0 1 2463.800
150 4 3 1 2083.000
150 4 6 1 1433.300
150 4 9 1 817.300
150 5 0 1 135.700
150 5 0 2 1101.000
150 5 4 1 991.900
150 5 5 1 260.500
150 5 5 2 1873.800
150 5 6 1 546.700
150 5 6 2 2395.000
150 5 7 1 1475.400
150 5 9 1 1506.800
150 6 0 1 95.500
150 6 0 2 1605.200
150 6 1 1 1208.100
150 6 3 1 883.400
150 6 3 2 1393.600
150 6 3 3 1525.300
150 6 9 1 1861.900
150 7 1 1 527.300
150 7 3 1 369.900
150 7 3 2 565.000
150 7 4 1 1465.700
150 7 4 2 2384.300
150 7 5 1 819.200
150 7 5 2 1778.400
150 7 7 1 492.500
150 7 8 1 1128.200
150 8 2 1 1724.300
150 8 3 1 589.900
150 8 5 1 1295.700
150 8 6 1 2274.300
150 8 8 1 1240.400
150 8 8 2 2399.100
150 9 2 1 1740.300
150 9 3 1 368.400
150 9 3 2 2384.500
150 9 4 1 2452.700
150 9 5 1 2236.300
150 9 6 1 1861.800
160 0 1 1 927.100
160 0 2 1 549.500
160 0 2 2 1400.500
160 0 3 1 1180.400
160 0 6 1 95.400
160 0 8 1 1657.600
160 0 8 2 2250.000
160 0 9 1 721.600
160 0 9 2 1365.600
160 1 1 1 1180.100
160 1 2 1 136.300
160 1 5 1 2216.100
160 2 0 1 1031.900
160 2 1 1 1099.700
160 2 2 1 1810.900
160 2 2 2 2193.400
160 2 7 1 2092.100
160 2 8 1 587.500
160 2 8 2 1723.600
160 2 9 1 865.400
160 3 0 1 2409.200
160 3 1 1 2154.400
160 3 3 1 862.900
160 3 4 1 1575.700
160 3 6 1 1392.100
160 3 6 2 1525.400
160 3 9 1 1465.900
160 3 9 2 2373.200
160 4 0 1 955.800
160 4 5 1 979.700
160 4 5 2 1257.000
160 4 6 1 1432.200
160 5 0 1 135.700
160 5 0 2 1100.700
160 5 1 1 2221.500
160 5 4 1 882.500
160 5 4 2 992.400
160 5 5 1 260.500
160 5 5 2 1856.600
160 5 6 1 546.700
160 5 6 2 2393.800
160 5 7 1 1475.500
160 5 7 2 1773.800
160 5 9 1 1507.100
160 5 9 2 2183.000
160 6 0 1 95.500
160 6 1 1 1207.800
160 6 2 1 949.500
160 6 3 1 883.200
160 6 3 2 1391.800
160 6 3 3 1525.400
160 6 3 4 1678.100
160 6 6 1 598.100
160 6 7 1 2405.800
160 6 9 1 544.100
160 6 9 2 611.400
160 6 9 3 1862.100
160 7 1 1 526.900
160 7 3 1 369.900
160 7 4 1 2260.600
160 7 4 2 2383.300
160 7 5 1 1806.700
160 7 7 1 492.500
160 7 9 1 874.400
160 8 0 1 1090.200
160 8 1 1 637.300
160 8 1 2 2136.100
160 8 2 1 801.900
160 8 2 2 1726.900
160 8 3 1 716.000
160 8 8 1 1238.500
160 8 8 2 2399.500
160 9 2 1 1739.800
160 9 3 1 368.400
160 9 3 2 2384.400
160 9 5 1 1442.700
160 9 6 1 1861.500
160 9 8 1 2256.200
170 0 2 1 1032.300
170 0 2 2 1400.600
170 0 3 1 1179.800
170 0 3 2 2055.300
170 0 6 1 95.400
170 0 8 1 2249.700
170 0 9 1 721.800
170 1 0 1 1494.000
170 1 1 1 1179.500
170 1 2 1 136.300
170 1 2 2 969.900
170 1 4 1 1351.400
170 1 7 1 836.100
170 1 7 2 1828.100
170 2 1 1 1100.900
170 2 3 1 521.400
170 2 3 2 2257.900
170 2 4 1 2111.600
170 2 5 1 1988.600
170 2 7 1 2092.100
170 2 8 1 1263.600
170 2 8 2 1725.100
170 2 9 1 863.700
170 3 0 1 2413.700
170 3 1 1 2154.800
170 3 2 1 696.000
170 3 2 2 1169.600
170 3 2 3 2215.300
170 3 3 1 863.200
170 3 6 1 1394.800
170 3 6 2 1525.400
170 3 8 1 1681.000
170 3 8 2 2371.900
170 3 9 1 1464.300
170 3 9 2 2372.700
170 4 0 1 954.800
170 4 4 1 1473.100
170 4 6 1 1432.400
170 4 6 2 1707.300
170 4 7 1 1022.600
170 4 7 2 1462.200
170 4 8 1 2186.300
170 4 9 1 816.300
170 5 0 1 135.700
170 5 0 2 1100.900
170 5 1 1 540.000
170 5 4 1 882.500
170 5 4 2 992.900
170 5 5 1 260.500
170 5 5 2 1856.600
170 5 5 3 2084.600
170 5 6 1 2393.900
170 5 7 1 1475.700
170 5 7 2 1913.600
170 5 7 3 2365.500
170 5 9 1 1507.500
170 6 0 1 95.500
170 6 0 2 1170.600
170 6 0 3 1604.300
170 6 1 1 1206.700
170 6 2 1 705.800
170 6 2 2 949.800
170 6 3 1 882.500
170 6 3 2 1392.200
170 6 3 3 1525.100
170 6 3 4 1678.500
170 6 8 1 2274.000
170 6 9 1 1538.200
170 6 9 2 1859.000
170 7 1 1 523.900
170 7 3 1 369.900
170 7 4 1 1467.000
170 7 4 2 2383.200
170 7 5 1 1807.100
170 7 6 1 1122.700
170 7 6 2 1251.000
170 7 7 1 492.500
170 8 1 1 739.600
170 8 1 2 854.500
170 8 1 3 1992.000
170 8 2 1 804.000
170 8 2 2 1726.600
170 8 3 1 707.000
170 8 3 2 1680.800
170 8 4 1 1122.400
170 8 4 2 2262.900
170 8 7 1 1283.800
170 8 8 1 2033.200
170 8 8 2 2399.300
170 8 9 1 1488.600
170 8 9 2 1958.200
170 8 9 3 2322.200
170 9 2 1 1740.100
170 9 3 1 368.400
170 9 5 1 2236.000
170 9 9 1 2437.100
