0 0 1 1 427.900
0 0 1 2 1004.600
0 0 2 1 531.300
0 0 2 2 885.600
0 0 2 3 1105.100
0 0 3 1 381.900
0 0 3 2 679.500
0 0 4 1 1243.900
0 0 4 2 1494.300
0 0 6 1 1130.600
0 0 8 1 320.000
0 0 8 2 1316.400
0 0 8 3 1749.900
0 0 9 1 221.200
0 0 9 2 865.000
0 1 0 1 998.400
0 1 1 1 678.900
0 1 2 1 594.400
0 1 4 1 851.500
0 1 4 2 1495.200
0 1 5 1 22.100
0 1 5 2 1739.700
0 1 5 3 1843.900
0 1 8 1 136.500
0 1 8 2 354.000
0 2 0 1 531.300
0 2 1 1 600.200
0 2 2 1 559.500
0 2 2 2 1692.000
0 2 3 1 1726.000
0 2 4 1 385.300
0 2 5 1 1489.500
0 2 5 2 1635.700
0 2 6 1 484.300
0 2 6 2 1871.200
0 2 7 1 1590.800
0 2 8 1 1225.200
0 3 0 1 430.700
0 3 0 2 1025.700
0 3 1 1 1877.800
0 3 2 1 1713.800
0 3 3 1 344.900
0 3 5 1 1740.900
0 3 6 1 1025.400
0 3 6 2 1922.700
0 3 7 1 494.300
0 3 8 1 82.400
0 3 8 2 1182.500
0 3 8 3 1871.100
0 3 9 1 965.500
0 3 9 2 1716.500
0 3 9 3 1873.200
0 4 0 1 285.600
0 4 0 2 455.600
0 4 1 1 853.900
0 4 2 1 1188.100
0 4 3 1 535.200
0 4 5 1 406.400
0 4 6 1 725.600
0 4 6 2 933.800
0 4 6 3 1206.100
0 4 8 1 1765.000
0 4 9 1 318.200
0 5 0 1 599.600
0 5 1 1 1712.000
0 5 3 1 840.500
0 5 4 1 493.000
0 5 5 1 1358.200
0 5 5 2 1581.200
0 5 5 3 1871.800
0 5 6 1 1894.300
0 5 7 1 975.300
0 5 9 1 1007.700
0 6 0 1 1104.100
0 6 1 1 706.800
0 6 2 1 1871.400
0 6 3 1 83.500
0 6 3 2 382.800
0 6 3 3 892.200
0 6 3 4 1025.100
0 6 7 1 769.400
0 6 9 1 967.300
0 6 9 2 1359.900
0 7 1 1 25.600
0 7 3 1 495.800
0 7 3 2 1185.700
0 7 4 1 96.800
0 7 4 2 523.600
0 7 4 3 966.500
0 7 7 1 1769.900
0 7 8 1 783.100
0 7 8 2 1203.300
0 7 9 1 862.400
0 7 9 2 1635.800
0 7 9 3 1739.100
0 8 0 1 83.800
0 8 1 1 136.900
0 8 1 2 1636.600
0 8 2 1 302.600
0 8 2 2 1227.800
0 8 3 1 91.800
0 8 3 2 215.700
0 8 3 3 1181.100
0 8 4 1 1324.000
0 8 4 2 1763.700
0 8 5 1 795.700
0 8 5 2 851.500
0 8 6 1 880.100
0 8 8 1 221.600
0 8 8 2 739.000
0 8 8 3 1899.200
0 8 9 1 1830.900
0 9 0 1 1257.600
0 9 2 1 366.000
0 9 2 2 1239.300
0 9 3 1 1453.800
0 9 3 2 1885.600
0 9 5 1 1003.600
0 9 5 2 1735.000
0 9 6 1 495.000
0 9 8 1 1302.900
0 9 8 2 1757.100
0 9 9 1 1937.300
10 0 1 1 991.700
10 0 1 2 1690.900
10 0 2 1 899.900
10 0 2 2 1061.500
10 0 3 1 679.800
10 0 4 1 267.000
10 0 5 1 1789.800
10 0 6 1 1622.500
10 0 7 1 661.800
10 0 8 1 1750.300
10 1 0 1 802.100
10 1 4 1 851.600
10 1 5 1 1725.600
10 1 8 1 137.200
10 2 0 1 530.500
10 2 0 2 650.900
10 2 1 1 65.400
10 2 1 2 601.000
10 2 2 1 590.900
10 2 2 2 1154.600
10 2 3 1 1756.800
10 2 5 1 1489.300
10 2 5 2 1635.800
10 2 7 1 1591.800
10 2 8 1 1226.700
10 3 2 1 1710.200
10 3 3 1 362.000
10 3 4 1 1802.700
10 3 6 1 893.800
10 3 6 2 1025.300
10 3 6 3 1930.700
10 3 7 1 493.600
10 3 8 1 1182.400
10 3 9 1 965.300
10 4 0 1 455.600
10 4 3 1 1805.300
10 4 5 1 406.400
10 4 6 1 726.000
10 4 6 2 1206.600
10 4 9 1 315.400
10 5 0 1 599.100
10 5 1 1 21.500
10 5 1 2 1736.300
10 5 2 1 137.400
10 5 4 1 364.100
10 5 4 2 491.800
10 5 5 1 209.700
10 5 5 2 1356.600
10 5 5 3 1581.600
10 5 6 1 48.000
10 5 6 2 1893.400
10 5 7 1 975.500
10 5 9 1 921.000
10 5 9 2 1005.600
10 6 0 1 1105.000
10 6 1 1 707.300
10 6 2 1 450.800
10 6 2 2 1925.500
10 6 3 1 892.500
10 6 3 2 1025.400
10 6 8 1 1775.500
10 6 9 1 1359.500
10 7 1 1 26.700
10 7 3 1 65.800
10 7 3 2 494.100
10 7 3 3 711.000
10 7 4 1 966.500
10 7 4 2 1884.300
10 7 5 1 975.900
10 7 5 2 1306.600
10 7 5 3 1906.100
10 7 7 1 1488.900
10 7 9 1 891.100
10 8 1 1 137.300
10 8 1 2 370.900
10 8 1 3 1637.100
10 8 2 1 302.100
10 8 2 2 1227.200
10 8 3 1 89.200
10 8 3 2 213.900
10 8 3 3 1178.900
10 8 5 1 793.800
10 8 5 2 854.000
10 8 5 3 1750.600
10 8 8 1 1899.200
10 9 0 1 850.600
10 9 1 1 446.600
10 9 1 2 666.700
10 9 2 1 1240.100
10 9 3 1 1884.200
10 9 5 1 1735.800
10 9 6 1 1373.900
10 9 7 1 314.600
10 9 8 1 1009.200
20 0 2 1 649.800
20 0 3 1 680.000
20 0 8 1 63.200
20 0 8 2 1750.900
20 1 1 1 680.300
20 1 4 1 852.400
20 1 5 1 1726.000
20 1 8 1 137.000
20 2 0 1 530.600
20 2 0 2 1238.000
20 2 1 1 600.000
20 2 2 1 1157.600
20 2 3 1 20.400
20 2 3 2 1733.300
20 2 4 1 1609.800
20 2 5 1 1488.900
20 2 7 1 1592.100
20 2 8 1 1226.900
20 2 9 1 368.700
20 3 2 1 670.300
20 3 2 2 1727.700
20 3 3 1 361.500
20 3 4 1 1919.800
20 3 6 1 295.700
20 3 6 2 892.800
20 3 6 3 1024.800
20 3 6 4 1178.300
20 3 8 1 1179.600
20 3 8 2 1872.500
20 3 9 1 965.400
20 3 9 2 1873.500
20 4 0 1 455.000
20 4 3 1 535.700
20 4 5 1 406.100
20 4 5 2 1311.000
20 4 6 1 725.400
20 4 6 2 933.700
20 4 6 3 1208.500
20 4 9 1 315.600
20 5 0 1 601.100
20 5 1 1 1758.700
20 5 4 1 382.900
20 5 4 2 491.800
20 5 5 1 1357.000
20 5 5 2 1580.800
20 5 6 1 1894.200
20 5 7 1 974.600
20 5 9 1 1007.400
20 5 9 2 1057.200
20 6 0 1 1324.500
20 6 1 1 707.500
20 6 2 1 315.900
20 6 2 2 450.900
20 6 3 1 892.500
20 6 3 2 1024.700
20 6 5 1 50.400
20 6 7 1 620.800
20 6 9 1 1253.000
20 6 9 2 1361.200
20 7 1 1 25.300
20 7 4 1 525.100
20 7 4 2 966.100
20 7 5 1 152.700
20 7 5 2 1307.400
20 8 0 1 1155.700
20 8 1 1 1490.600
20 8 2 1 303.000
20 8 2 2 1227.600
20 8 3 1 90.900
20 8 3 2 216.400
20 8 3 3 1180.500
20 8 8 1 1899.300
20 9 2 1 1239.800
20 9 3 1 1886.500
20 9 5 1 1736.300
20 9 6 1 981.300
20 9 6 2 1376.400
20 9 7 1 888.300
20 9 8 1 781.400
30 0 3 1 679.400
30 0 4 1 1530.500
30 0 8 1 177.500
30 0 8 2 1750.800
30 1 1 1 679.300
30 1 3 1 1786.100
30 1 4 1 852.500
30 1 4 2 1578.200
30 1 5 1 21.400
30 1 8 1 708.400
30 1 9 1 1583.300
30 2 0 1 533.200
30 2 0 2 650.600
30 2 1 1 600.700
30 2 3 1 1760.600
30 2 4 1 1607.900
30 2 5 1 445.400
30 2 7 1 1592.100
30 2 8 1 1226.400
30 3 2 1 1730.700
30 3 3 1 363.300
30 3 3 2 534.000
30 3 4 1 1918.000
30 3 6 1 732.700
30 3 6 2 1025.400
30 3 6 3 1178.700
30 3 8 1 1181.100
30 3 9 1 966.500
30 3 9 2 1872.800
30 4 0 1 455.400
30 4 1 1 1945.000
30 4 3 1 1805.000
30 4 5 1 1561.700
30 4 9 1 315.900
30 5 0 1 600.400
30 5 2 1 137.800
30 5 2 2 1729.700
30 5 4 1 381.300
30 5 4 2 493.200
30 5 5 1 1357.500
30 5 5 2 1580.900
30 5 6 1 1893.700
30 5 7 1 975.400
30 5 9 1 1007.700
30 5 9 2 1057.000
30 6 0 1 1103.900
30 6 1 1 707.100
30 6 3 1 891.800
30 6 3 2 1025.800
30 6 8 1 1774.500
30 6 9 1 1360.200
30 7 0 1 1776.000
30 7 1 1 27.300
30 7 4 1 966.500
30 7 8 1 1112.200
30 8 0 1 1186.800
30 8 1 1 137.500
30 8 2 1 307.200
30 8 2 2 1225.600
30 8 3 1 203.600
30 8 5 1 796.700
30 8 8 1 1899.100
30 9 0 1 120.000
30 9 2 1 1240.100
30 9 3 1 1884.300
30 9 5 1 449.300
30 9 5 2 1736.700
30 9 6 1 1361.000
30 9 9 1 1010.400
40 0 1 1 431.600
40 0 3 1 681.200
40 0 8 1 1751.000
40 1 5 1 1762.600
40 2 0 1 532.700
40 2 1 1 603.400
40 2 3 1 1765.000
40 2 7 1 1592.400
40 2 8 1 1226.500
40 3 0 1 1911.400
40 3 3 1 365.000
40 3 6 1 599.300
40 3 6 2 1025.200
40 3 9 1 965.800
40 4 0 1 455.600
40 4 1 1 1974.800
40 4 6 1 1854.000
40 5 0 1 601.300
40 5 4 1 382.000
40 5 4 2 492.500
40 5 6 1 1894.600
40 5 7 1 976.300
40 5 7 2 1866.600
40 5 9 1 1007.600
40 6 3 1 383.700
40 6 3 2 891.800
40 6 3 3 1025.700
40 6 5 1 47.000
40 6 9 1 1360.000
40 7 1 1 27.100
40 7 4 1 966.700
40 7 5 1 151.900
40 8 1 1 137.700
40 8 2 1 303.300
40 8 2 2 511.200
40 8 2 3 1226.900
40 8 3 1 217.000
40 8 3 2 1179.500
40 8 4 1 869.400
40 8 5 1 797.000
40 8 5 2 854.800
40 8 8 1 1899.100
40 9 2 1 1240.100
40 9 2 2 1468.800
50 0 1 1 430.200
50 0 8 1 1750.200
50 1 1 1 680.300
50 2 0 1 532.100
50 2 0 2 651.500
50 2 1 1 601.600
50 2 3 1 20.300
50 2 7 1 1592.500
50 2 8 1 1226.900
50 3 3 1 364.900
50 3 6 1 1025.200
50 3 9 1 1872.700
50 5 0 1 600.500
50 5 4 1 493.100
50 5 6 1 1895.200
50 5 7 1 975.900
50 5 9 1 1008.000
50 6 0 1 1327.600
50 6 2 1 485.600
50 6 3 1 894.300
50 6 3 2 1025.300
50 6 9 1 1362.400
50 7 1 1 27.300
50 7 4 1 967.700
50 8 0 1 160.100
50 8 1 1 137.700
50 8 2 1 1227.900
50 8 5 1 851.900
50 8 8 1 1899.700
50 9 2 1 1240.400
60 0 1 1 429.000
60 0 8 1 1751.200
60 2 1 1 601.900
60 2 4 1 1609.000
60 2 7 1 1591.800
60 2 8 1 1226.900
60 3 3 1 364.700
60 3 4 1 1583.400
60 3 6 1 1025.400
60 3 9 1 968.600
60 3 9 2 1874.600
60 5 0 1 601.900
60 5 4 1 382.900
60 5 4 2 493.200
60 5 6 1 1894.500
60 5 7 1 976.500
60 5 9 1 1008.000
60 6 3 1 383.600
60 6 3 2 894.200
60 6 3 3 1026.000
60 6 9 1 1362.500
60 7 1 1 26.700
60 7 4 1 967.000
60 8 2 1 302.900
60 8 2 2 1227.900
60 8 3 1 216.600
60 8 5 1 853.500
60 8 8 1 1899.500
60 9 2 1 1240.200
70 0 1 1 431.400
70 0 2 1 1213.400
70 0 8 1 1751.200
70 2 7 1 1592.500
70 2 8 1 1226.900
70 3 3 1 364.600
70 3 6 1 1025.500
70 5 0 1 601.800
70 5 4 1 383.300
70 5 4 2 493.200
70 5 6 1 1895.100
70 5 7 1 976.500
70 5 9 1 1008.000
70 6 3 1 894.300
70 6 3 2 1025.800
70 6 9 1 1362.400
70 7 1 1 26.200
70 7 4 1 966.800
70 8 2 1 1227.900
70 8 3 1 1180.600
70 8 8 1 1899.600
70 9 2 1 1240.400
80 0 1 1 431.400
80 0 8 1 1751.200
80 2 7 1 1592.500
80 2 8 1 1226.900
80 3 3 1 364.700
80 3 6 1 1025.500
80 5 0 1 601.800
80 5 4 1 383.900
80 5 4 2 493.200
80 5 6 1 1895.100
80 5 7 1 976.500
80 5 9 1 1007.800
80 6 3 1 894.300
80 6 3 2 1026.100
80 6 9 1 1362.400
80 7 1 1 26.500
80 7 4 1 967.100
80 8 2 1 1227.900
80 8 8 1 1899.500
80 9 2 1 1240.400
90 0 8 1 1751.200
90 2 7 1 1592.500
90 2 8 1 1226.900
90 3 3 1 364.700
90 3 6 1 1025.500
90 5 0 1 601.800
90 5 4 1 493.100
90 5 6 1 1895.100
90 5 7 1 976.500
90 5 9 1 1008.000
90 6 3 1 894.200
90 6 3 2 1026.100
90 6 9 1 1362.300
90 7 1 1 26.600
90 8 2 1 1227.900
90 8 8 1 1899.700
90 9 2 1 1240.400
100 0 1 1 431.900
100 0 8 1 1751.200
100 2 0 1 533.100
100 2 7 1 1592.400
100 2 8 1 1226.900
100 3 3 1 364.600
100 3 6 1 1025.500
100 5 0 1 601.900
100 5 4 1 493.100
100 5 6 1 1895.100
100 5 7 1 976.600
100 5 9 1 1008.000
100 6 3 1 894.300
100 6 3 2 1025.800
100 6 9 1 1362.200
100 7 1 1 27.300
100 8 2 1 1227.900
100 8 8 1 1899.700
100 9 2 1 1240.400
100 9 5 1 1738.000
110 0 1 1 431.900
110 0 8 1 1751.200
110 2 1 1 601.900
110 2 7 1 1592.500
110 2 8 1 1226.900
110 3 3 1 364.700
110 3 6 1 1025.500
110 5 0 1 601.800
110 5 4 1 493.100
110 5 6 1 1895.200
110 5 7 1 976.600
110 5 9 1 1008.000
110 6 0 1 1305.300
110 6 3 1 894.200
110 6 3 2 1026.000
110 6 9 1 1362.400
110 7 1 1 27.300
110 8 2 1 1227.700
110 8 8 1 1899.700
110 9 2 1 1240.400
120 0 1 1 431.500
120 0 8 1 1751.200
120 1 1 1 680.700
120 2 1 1 601.900
120 2 7 1 1592.400
120 2 8 1 1226.300
120 3 3 1 362.700
120 3 6 1 1025.500
120 3 8 1 1871.600
120 5 0 1 601.800
120 5 4 1 492.100
120 5 5 1 1377.300
120 5 6 1 1895.100
120 5 7 1 976.500
120 5 9 1 1008.000
120 6 1 1 708.100
120 6 3 1 893.700
120 6 3 2 1025.800
120 6 9 1 1362.400
120 7 1 1 27.300
120 7 4 1 1885.500
120 7 5 1 1924.200
120 8 2 1 303.800
120 8 2 2 1227.800
120 8 8 1 1899.600
120 9 2 1 1240.400
130 0 8 1 1751.200
130 2 1 1 600.700
130 2 7 1 1592.400
130 2 8 1 1226.400
130 3 3 1 364.700
130 3 6 1 1025.500
130 3 8 1 1871.800
130 5 0 1 601.800
130 5 4 1 385.700
130 5 4 2 492.000
130 5 6 1 1894.700
130 5 7 1 975.300
130 5 9 1 1007.800
130 6 0 1 1104.400
130 6 0 2 1326.800
130 6 1 1 708.500
130 6 3 1 892.400
130 6 3 2 1025.600
130 6 9 1 1359.400
130 7 1 1 27.300
130 7 5 1 1307.000
130 8 2 1 1227.200
130 8 4 1 523.100
130 8 4 2 716.700
130 8 8 1 738.500
130 8 8 2 1899.600
130 8 9 1 1840.900
130 9 1 1 516.000
130 9 2 1 357.300
130 9 2 2 1240.400
140 0 1 1 1614.800
140 0 8 1 1751.200
140 1 0 1 1717.400
140 1 1 1 680.500
140 1 5 1 20.800
140 1 8 1 247.400
140 2 0 1 531.600
140 2 0 2 1106.000
140 2 1 1 601.500
140 2 2 1 1694.300
140 2 4 1 1013.800
140 2 4 2 1608.600
140 2 5 1 335.400
140 2 7 1 1592.100
140 2 8 1 1226.700
140 3 1 1 1243.100
140 3 3 1 364.700
140 3 6 1 1025.200
140 3 8 1 1871.800
140 3 9 1 966.900
140 4 3 1 1805.700
140 4 6 1 934.100
140 5 0 1 601.500
140 5 4 1 492.000
140 5 5 1 1377.300
140 5 5 2 1582.100
140 5 6 1 1894.300
140 5 7 1 976.400
140 5 9 1 1007.700
140 6 0 1 1325.700
140 6 1 1 708.400
140 6 3 1 892.800
140 6 3 2 1025.300
140 6 8 1 1774.600
140 6 9 1 1362.200
140 7 1 1 27.300
140 7 5 1 318.800
140 8 1 1 361.300
140 8 2 1 302.200
140 8 2 2 1227.500
140 8 3 1 90.900
140 8 8 1 1899.300
140 9 1 1 487.600
140 9 2 1 1240.400
140 9 5 1 1725.300
140 9 6 1 1359.900
150 0 1 1 430.800
150 0 2 1 80.400
150 0 3 1 680.400
150 0 8 1 1318.500
150 0 8 2 1749.300
150 0 9 1 220.800
150 1 0 1 1943.100
150 1 1 1 680.900
150 1 4 1 852.500
150 1 5 1 21.100
150 1 9 1 1583.600
150 2 0 1 532.100
150 2 0 2 919.500
150 2 1 1 600.700
150 2 3 1 1758.600
150 2 7 1 1591.800
150 2 8 1 1226.600
150 3 0 1 1910.500
150 3 3 1 362.100
150 3 6 1 901.600
150 3 6 2 1025.200
150 3 8 1 1871.800
150 3 9 1 967.100
150 4 0 1 1963.800
150 4 3 1 1583.000
150 4 6 1 933.300
150 4 9 1 317.300
150 5 0 1 601.000
150 5 4 1 491.900
150 5 5 1 1373.800
150 5 6 1 46.700
150 5 6 2 1895.000
150 5 7 1 975.400
150 5 9 1 1006.800
150 6 0 1 1105.200
150 6 1 1 708.100
150 6 3 1 383.400
150 6 3 2 893.600
150 6 3 3 1025.300
150 6 9 1 1361.900
150 7 1 1 27.300
150 7 3 1 65.000
150 7 4 1 965.700
150 7 4 2 1884.300
150 7 5 1 319.200
150 7 5 2 1278.400
150 7 8 1 628.200
150 8 2 1 1224.300
150 8 3 1 89.900
150 8 5 1 795.700
150 8 6 1 1774.300
150 8 8 1 740.400
150 8 8 2 1899.100
150 9 2 1 1240.300
150 9 3 1 1884.500
150 9 4 1 1952.700
150 9 5 1 1736.300
150 9 6 1 1361.800
160 0 1 1 427.100
160 0 2 1 49.500
160 0 2 2 900.500
160 0 3 1 680.400
160 0 8 1 1157.600
160 0 8 2 1750.000
160 0 9 1 221.600
160 0 9 2 865.600
160 1 1 1 680.100
160 1 5 1 1716.100
160 2 0 1 531.900
160 2 1 1 599.700
160 2 2 1 1310.900
160 2 2 2 1693.400
160 2 7 1 1592.100
160 2 8 1 87.500
160 2 8 2 1223.600
160 2 9 1 365.400
160 3 0 1 1909.200
160 3 1 1 1654.400
160 3 3 1 362.900
160 3 4 1 1075.700
160 3 6 1 892.100
160 3 6 2 1025.400
160 3 9 1 965.900
160 3 9 2 1873.200
160 4 0 1 455.800
160 4 5 1 479.700
160 4 5 2 757.000
160 4 6 1 932.200
160 5 0 1 600.700
160 5 1 1 1721.500
160 5 4 1 382.500
160 5 4 2 492.400
160 5 5 1 1356.600
160 5 6 1 46.700
160 5 6 2 1893.800
160 5 7 1 975.500
160 5 7 2 1273.800
160 5 9 1 1007.100
160 5 9 2 1683.000
160 6 1 1 707.800
160 6 2 1 449.500
160 6 3 1 383.200
160 6 3 2 891.800
160 6 3 3 1025.400
160 6 3 4 1178.100
160 6 6 1 98.100
160 6 7 1 1905.800
160 6 9 1 44.100
160 6 9 2 111.400
160 6 9 3 1362.100
160 7 1 1 26.900
160 7 4 1 1760.600
160 7 4 2 1883.300
160 7 5 1 1306.700
160 7 9 1 374.400
160 8 0 1 590.200
160 8 1 1 137.300
160 8 1 2 1636.100
160 8 2 1 301.900
160 8 2 2 1226.900
160 8 3 1 216.000
160 8 8 1 738.500
160 8 8 2 1899.500
160 9 2 1 1239.800
160 9 3 1 1884.400
160 9 5 1 942.700
160 9 6 1 1361.500
160 9 8 1 1756.200
170 0 2 1 532.300
170 0 2 2 900.600
170 0 3 1 679.800
170 0 3 2 1555.300
170 0 8 1 1749.700
170 0 9 1 221.800
170 1 0 1 994.000
170 1 1 1 679.500
170 1 2 1 469.900
170 1 4 1 851.400
170 1 7 1 336.100
170 1 7 2 1328.100
170 2 1 1 600.900
170 2 3 1 21.400
170 2 3 2 1757.900
170 2 4 1 1611.600
170 2 5 1 1488.600
170 2 7 1 1592.100
170 2 8 1 763.600
170 2 8 2 1225.100
170 2 9 1 363.700
170 3 0 1 1913.700
170 3 1 1 1654.800
170 3 2 1 196.000
170 3 2 2 669.600
170 3 2 3 1715.300
170 3 3 1 363.200
170 3 6 1 894.800
170 3 6 2 1025.400
170 3 8 1 1181.000
170 3 8 2 1871.900
170 3 9 1 964.300
170 3 9 2 1872.700
170 4 0 1 454.800
170 4 4 1 973.100
170 4 6 1 932.400
170 4 6 2 1207.300
170 4 7 1 522.600
170 4 7 2 962.200
170 4 8 1 1686.300
170 4 9 1 316.300
170 5 0 1 600.900
170 5 1 1 40.000
170 5 4 1 382.500
170 5 4 2 492.900
170 5 5 1 1356.600
170 5 5 2 1584.600
170 5 6 1 1893.900
170 5 7 1 975.700
170 5 7 2 1413.600
170 5 7 3 1865.500
170 5 9 1 1007.500
170 6 0 1 670.600
170 6 0 2 1104.300
170 6 1 1 706.700
170 6 2 1 205.800
170 6 2 2 449.800
170 6 3 1 382.500
170 6 3 2 892.200
170 6 3 3 1025.100
170 6 3 4 1178.500
170 6 8 1 1774.000
170 6 9 1 1038.200
170 6 9 2 1359.000
170 7 1 1 23.900
170 7 4 1 967.000
170 7 4 2 1883.200
170 7 5 1 1307.100
170 7 6 1 622.700
170 7 6 2 751.000
170 8 1 1 239.600
170 8 1 2 354.500
170 8 1 3 1492.000
170 8 2 1 304.000
170 8 2 2 1226.600
170 8 3 1 207.000
170 8 3 2 1180.800
170 8 4 1 622.400
170 8 4 2 1762.900
170 8 7 1 783.800
170 8 8 1 1533.200
170 8 8 2 1899.300
170 8 9 1 988.600
170 8 9 2 1458.200
170 8 9 3 1822.200
170 9 2 1 1240.100
170 9 5 1 1736.000
170 9 9 1 1937.100
